488.71
163.53
497.25
157.05
510.58
148.06
497.25
200.83
194.23
322.78
176.65
168.52
237.33
382.87
211.21
491.22
410.83
301.40
402.13
367.14
350.81
178.98
222.15
210.30
400.67
214.05
283.38
236.73
197.20
402.13
330.34
333.31
327.05
204.28
186.71
185.60
330.91
178.98
378.83
336.94
179.82
194.75
189.28
271.82
175.58
180.40
475.38
186.33
278.56
295.38
367.14
355.58
182.16
404.80
349.54
337.03
469.34
324.08
177.61
424.16
175.58
246.05
305.51
186.24
408.16
354.05
320.12
373.18
475.38
469.34
281.65
264.97
144.66
491.22
189.38
372.71
156.95
348.78
342.66
212.34
185.60
187.35
187.35
163.53
273.70
402.13
198.29
223.37
186.24
315.24
197.83
315.24
372.71
181.20
327.94
275.36
331.38
199.32
275.87
330.91
794.03
1527.78
857.88
1751.77
1314.71
633.65
1478.89
1468.24
771.59
1508.63
742.95
1531.52
1408.10
1616.19
1569.21
1481.51
783.69
691.19
1263.70
768.82
1695.84
1654.42
804.36
1121.34
768.82
1661.64
784.19
588.20
632.83
800.25
1528.35
911.29
1040.73
793.41
1508.61
728.02
1164.43
1384.23
1524.86
870.28
672.94
985.33
1124.91
828.89
1011.93
1357.25
1640.47
1560.67
849.00
1524.15
843.69
1528.83
1082.40
1552.22
1444.70
884.28
1217.47
1227.63
768.43
747.44
1347.07
576.44
1129.15
882.42
1537.06
1377.04
771.91
629.89
1747.09
434.33
718.20
934.63
827.83
1259.51
1435.44
1408.57
1606.13
763.46
713.02
798.77
1566.24
1312.03
885.69
1751.77
1018.65
1101.03
781.72
849.00
834.87
1552.22
1542.01
1327.89
964.35
573.63
554.36
1209.24
972.04
718.49
718.89
832.77
1887.12
1597.84
1587.75
1046.83
1562.52
2033.57
1184.33
1008.84
1152.71
1767.01
1634.22
1425.65
1604.52
1110.95
1745.08
1747.19
1575.67
1144.94
1889.49
1616.02
1051.94
1408.55
1909.87
1719.25
1699.77
509.84
1367.44
1866.07
991.09
1652.51
615.38
1603.56
1183.04
632.09
1087.69
1746.83
1181.67
1650.60
1679.67
1615.26
1170.69
1583.27
792.91
1606.84
1699.21
1823.64
2017.55
1805.91
1604.55
1824.16
1225.95
1149.93
1876.69
1596.32
1913.83
1134.44
1484.74
907.33
1636.42
1218.54
1512.49
731.69
1864.42
1319.11
1569.38
1741.06
1793.07
1238.25
1422.42
1878.92
1657.16
1800.48
1560.81
1171.04
984.36
957.28
1871.43
1393.57
1496.63
921.40
1983.51
1174.33
1546.85
1990.15
1597.51
1876.21
1847.56
811.96
1664.95
1146.28
1991.72
1909.15
2124.90
1950.24
1148.64
1519.90
999.55
890.32
1669.41
1682.53
1410.58
1014.88
1380.91
795.75
1418.92
795.82
871.84
1500.23
1416.55
1485.46
910.11
1278.91
1218.00
1174.43
1266.37
856.16
989.67
609.10
1101.45
1033.25
1519.32
842.66
787.90
1412.07
1514.41
1149.99
1206.84
1597.72
1190.41
916.93
630.07
671.30
692.75
1868.57
1360.82
774.62
742.19
608.47
945.17
1013.13
676.42
885.85
1294.24
1413.77
889.22
1107.18
1351.72
661.54
841.20
1111.48
1672.62
1054.82
684.46
1111.48
616.19
690.63
1366.28
1425.77
597.06
715.08
698.43
1188.63
1827.26
1376.39
660.49
1668.13
1396.65
832.23
757.79
1144.82
974.75
1101.45
1429.74
1353.82
1375.91
1088.76
1409.07
656.86
750.39
1234.57
783.49
979.22
1381.57
517.95
1218.36
798.35
1860.70
570.17
850.47
1379.68
685.65
971.17
696.78
1402.39
1795.92
1098.12
1403.91
783.57
1109.97
1737.79
868.63
568.09
874.76
921.35
592.22
351.22
814.16
856.35
425.47
940.76
576.82
1020.51
662.82
954.70
706.00
570.36
1000.98
547.57
1177.72
509.73
902.84
354.67
732.35
824.46
604.79
641.62
972.41
562.73
454.55
1238.77
441.63
639.03
783.43
864.12
441.48
1333.82
821.51
788.01
694.69
859.73
985.65
898.94
392.37
486.80
525.88
1015.73
568.27
624.82
930.17
546.53
297.73
317.96
312.40
729.54
1198.95
626.60
936.97
800.71
478.48
850.28
838.60
759.31
839.08
750.83
1208.93
632.24
852.46
1108.60
1215.81
336.87
746.12
877.96
1202.09
1133.24
731.45
789.91
1064.04
1185.50
824.46
408.41
415.76
707.19
325.29
331.44
746.10
682.02
1255.05
863.47
758.17
1194.15
632.19
583.80
401.55
761.93
322.41
332.52
1067.22
788.65
784.71
802.77
1034.11
856.49
665.29
317.50
1057.47
203.62
790.99
592.12
856.49
637.91
840.69
764.19
608.07
478.48
323.93
838.36
766.49
1243.47
839.67
471.15
1017.67
782.78
1225.29
444.98
657.13
637.79
656.86
730.08
818.81
408.41
619.17
983.26
718.94
684.46
318.43
881.47
1094.82
324.20
1180.01
594.26
946.72
999.51
753.33
315.61
633.45
408.41
1207.01
1181.18
401.08
785.17
1481.36
1172.86
1367.93
1418.92
1253.89
478.72
634.56
700.24
1023.81
1437.77
785.38
1464.17
915.09
643.25
1443.70
692.03
764.85
626.18
917.88
1383.24
643.64
598.22
846.02
1491.05
1311.13
748.25
1413.27
717.52
1295.57
602.00
639.10
1132.78
626.13
619.64
769.87
1493.75
1321.11
993.52
1114.99
1281.28
1441.80
884.33
1103.43
1461.44
747.59
516.64
1460.06
1287.58
821.37
1410.03
1434.19
697.28
1544.43
1444.70
616.92
1447.83
804.08
583.82
779.59
1512.05
813.69
1077.63
1193.46
1507.81
1444.81
779.77
1089.33
1424.75
1449.84
714.36
1502.78
487.30
1445.57
558.56
868.83
1435.44
1403.49
699.62
1489.95
1036.65
830.50
597.55
739.55
1492.37
898.33
636.35
1487.90
1448.89
789.24
1511.35
524.59
950.88
666.57
1061.79
989.86
1114.92
637.79
1287.21
1460.52
792.55
1842.53
1953.19
2045.42
1916.95
1786.59
1963.50
2013.07
1969.06
2059.44
1937.66
1955.69
1927.14
1847.69
1912.98
1918.06
1954.77
1777.87
2008.43
1860.22
1891.58
1862.45
1847.69
1925.81
1890.15
2044.32
1899.38
1895.73
2086.45
1774.08
1956.38
1823.68
1870.53
1951.30
1921.47
1987.71
1763.35
1832.52
1956.01
1890.26
1774.08
1878.71
2047.19
1920.61
1864.21
1843.52
1886.12
1848.87
1769.91
2170.44
2156.07
1824.47
1923.53
1875.43
1920.23
1963.20
1853.38
1986.31
2124.81
1861.56
1898.45
1840.95
1861.88
1801.87
1909.29
1960.25
1857.79
1976.31
1808.80
2001.44
1823.33
2173.09
1916.88
1848.62
1912.98
1890.36
2104.00
1864.24
1962.21
1968.87
1851.86
1924.05
1773.27
1875.65
1882.94
1123.88
1885.71
1900.81
1921.83
1874.26
1989.04
853.94
1942.02
2122.41
1847.69
2002.67
1775.75
1916.19
2065.80
844.31
1908.01
1323.89
1166.95
1034.29
1837.90
1503.96
828.76
1220.26
1340.59
670.01
1225.32
2097.28
1532.97
1897.24
1771.77
1526.49
1955.74
1711.60
1790.60
1769.34
1352.34
1420.38
2177.98
1758.51
1849.34
1477.52
1428.71
1585.66
851.27
1971.25
1471.20
1697.65
1582.26
1809.05
1063.69
1493.53
2053.20
657.66
1856.47
1656.89
427.53
1886.12
1993.65
1181.11
690.56
1274.41
1700.30
1862.61
716.92
1602.45
1444.60
567.06
1484.99
1248.43
2083.64
1581.28
998.89
1581.06
1931.20
1417.67
1857.24
1297.00
1151.23
723.31
174.35
1341.57
1253.62
1219.63
1949.82
1329.59
833.32
1587.57
1384.64
1423.35
510.15
1579.03
1612.29
1475.35
1670.81
728.77
1612.78
1233.72
1026.47
1466.30
1868.76
576.31
1730.67
1529.75
1690.31
908.14
1747.15
2165.59
838.46
1388.03
1374.48
1489.74
1691.48
1810.94
1265.33
1052.54
1224.03
1520.54
1783.09
1532.37
1763.60
1859.84
1804.13
1843.20
1837.21
1311.92
1733.16
1334.14
1288.70
1175.71
1453.20
1445.23
1296.37
1614.64
1400.88
1428.30
1630.73
987.48
1704.92
1825.30
1135.61
1221.75
2159.13
1189.70
1731.82
1555.21
1880.49
494.97
1409.12
1379.95
1095.42
635.64
1466.95
1094.65
1138.58
1752.63
1221.97
844.97
1372.60
801.98
1847.99
999.95
1920.22
1932.27
1110.43
830.39
1782.07
1648.66
1592.83
1865.63
2158.36
1467.90
714.04
1567.27
737.29
1273.34
1885.96
1861.70
747.68
590.04
1410.85
1602.53
1082.94
792.91
1662.77
1497.11
2043.40
1843.94
1863.50
970.58
1716.10
1425.16
1438.29
1669.42
1923.07
1646.12
1676.69
967.06
1810.04
1924.00
1564.74
1600.51
1455.12
626.62
1123.80
758.11
1483.10
1946.27
1902.35
1372.87
1496.66
1096.11
1514.73
1711.48
1793.01
1272.92
1664.63
1515.71
1422.11
1865.23
1589.02
1040.73
1627.91
1394.45
1536.27
1621.06
1948.34
1506.05
1583.51
1732.66
1510.42
1656.63
2174.78
1807.35
2102.06
1557.46
1019.74
1152.91
2169.14
1930.32
1901.20
1424.97
1625.42
931.91
502.34
1429.51
1657.14
1233.05
1034.33
1275.80
1869.03
1973.78
1632.66
1697.63
1969.46
2014.67
1788.47
1539.14
1605.74
1834.97
1457.10
1968.03
1574.46
1288.54
1853.58
1744.33
1847.92
670.01
710.09
1909.87
1533.30
1736.55
2077.93
1556.57
1932.27
1596.47
1995.88
1210.37
1753.62
769.83
1546.14
1684.37
705.65
1343.37
1509.65
943.21
1949.65
1671.40
744.77
1593.95
1766.22
697.01
1232.21
1644.81
1773.29
1799.73
1490.30
1091.78
991.69
952.88
1485.02
1439.46
804.68
844.28
1095.95
1112.86
1774.08
1552.09
1036.65
888.71
1205.49
1105.28
1557.73
588.69
1315.25
1170.36
1708.73
770.42
1290.44
984.29
1875.64
1427.65
1513.51
1765.75
1676.04
683.86
1907.35
1742.06
1151.23
1163.49
1692.09
1585.94
1290.47
1694.56
1765.00
1654.21
1642.37
403.05
1762.03
749.28
1414.79
1404.11
1617.88
1161.12
1598.07
1838.55
965.73
1466.38
1270.08
1782.48
1633.28
1285.75
604.67
1132.73
1930.53
1639.46
870.69
1772.53
1477.19
1144.83
1809.49
1496.64
1421.81
565.62
1149.30
1855.20
1760.98
955.54
1030.20
1856.66
1188.70
1330.25
1734.75
1651.77
1433.58
866.05
1835.22
1684.95
1773.69
1790.03
1402.16
1535.57
1618.94
1925.50
772.23
1668.54
1728.93
1480.31
1436.66
1778.63
765.00
1634.78
1451.34
1865.48
1995.26
1587.71
1619.30
1437.08
1810.07
1676.26
1013.20
1064.71
1250.81
1297.95
1513.07
1776.64
2068.19
1513.43
1264.08
1196.49
1124.12
1529.83
1231.92
1965.21
1673.64
1759.31
1251.83
1678.63
1621.47
314.65
2127.64
1391.80
1685.10
1641.69
1873.68
1921.84
934.63
626.06
1166.52
728.71
1780.97
809.48
1925.04
494.70
1401.93
1680.52
1600.24
1592.14
1494.34
1288.21
1764.09
1148.64
1652.76
1699.81
1515.71
1976.80
1699.66
738.44
1570.08
644.04
1605.56
1538.66
1829.22
830.21
1463.48
1374.78
935.59
1660.01
804.81
1659.35
1666.83
1648.98
1980.05
1812.42
1482.40
1233.03
1149.08
1731.00
1299.62
1568.27
1381.96
784.94
1120.37
1366.71
1017.89
1775.55
1373.92
2049.03
464.91
1861.07
1463.23
1881.76
1669.28
377.70
724.34
1770.11
658.54
1014.97
1515.78
1458.75
1704.19
1386.99
1793.58
1377.15
1808.51
834.05
1502.88
1453.06
1157.10
1515.71
1610.25
1608.80
465.51
1188.23
782.37
1388.33
1575.52
1071.66
1149.62
962.16
1149.20
1153.91
1571.21
1879.92
1957.66
1912.98
1393.49
1948.39
1800.21
1027.54
1252.63
787.95
1102.00
1551.79
1196.62
1785.92
1710.14
1551.79
768.82
1600.47
1233.56
1672.92
1748.03
1971.02
1204.74
1746.77
830.21
1565.70
1273.28
1114.44
1712.42
1393.57
1627.28
1831.34
891.77
1329.21
1549.43
670.80
1595.42
1351.87
887.25
1843.74
1511.83
2184.01
1211.53
542.42
1141.46
1522.77
1822.13
1775.47
1720.65
1383.60
1109.07
1641.15
1640.38
1432.14
1481.29
1916.82
1391.80
1594.36
1436.06
1707.25
1831.15
1810.51
1822.65
1257.34
1155.55
1176.00
1401.17
1595.06
922.69
1866.67
1604.99
820.98
1578.51
1976.37
1516.78
1191.44
1063.33
1526.98
1210.52
761.52
1370.57
857.35
1442.00
1255.53
1236.39
1612.96
974.85
1328.94
1248.43
1116.20
1531.94
1605.60
775.39
1750.06
1218.84
556.91
1400.32
977.93
1454.58
1157.54
1648.98
1199.84
1476.16
1330.81
1744.71
1203.26
1609.72
1192.08
1619.11
1926.65
2164.72
1678.63
1335.61
658.54
1785.23
1509.21
1477.55
1402.39
1609.10
1902.11
1538.77
1572.45
1534.06
1072.89
2078.36
1807.73
1887.66
1179.77
1466.62
1601.74
1629.38
1464.71
730.86
1842.26
1455.11
1782.76
1405.82
845.44
1689.84
1807.90
1393.65
1932.59
1560.74
1547.61
699.78
1492.04
2093.59
1526.65
1722.57
1920.66
1754.77
1521.49
1853.47
1524.02
1527.70
1507.81
1515.87
1538.76
2171.12
879.68
770.46
1840.04
1526.64
1268.55
421.61
1372.79
816.86
921.92
1837.04
962.63
1559.14
1746.29
1780.28
1414.57
1919.95
1406.67
1182.50
1510.90
1859.21
1519.20
1643.76
657.22
1360.80
941.27
1462.24
1528.13
1269.50
1481.23
1717.57
1613.71
1239.06
1693.51
1519.22
1619.20
1786.58
1216.94
1974.46
1456.98
1806.58
1052.64
1989.04
1640.25
1943.35
1303.45
1082.11
1973.08
1791.57
1535.83
1010.26
1469.37
1811.94
1531.83
1609.73
1393.86
482.13
1640.46
1071.81
1429.34
1250.93
2219.13
1270.54
1407.99
1669.09
978.62
694.24
1292.76
1495.63
1401.31
1568.43
993.52
1075.08
1467.51
1482.58
1504.60
1466.20
1838.39
1530.88
1204.52
932.59
1489.62
1741.06
1642.66
1372.69
1493.93
698.05
1317.61
975.45
832.23
1296.42
1655.44
1605.60
1845.37
1228.26
1700.46
872.27
1606.22
1853.47
1140.19
1970.22
1192.80
1890.90
673.68
573.63
1509.89
1107.06
1790.53
1312.52
1812.96
1596.08
1476.41
1602.04
1233.45
918.87
1794.55
1752.31
566.47
1208.11
782.56
1144.16
886.33
1492.21
1480.52
1552.62
1919.70
675.28
833.28
635.64
1370.11
1106.83
1577.21
961.26
2192.20
1588.43
318.60
1512.90
1243.70
627.17
1184.55
1450.54
930.65
1831.34
745.20
1703.07
833.17
442.47
1478.15
1023.81
1498.55
1528.94
1166.97
1655.12
375.53
628.99
1682.17
1726.63
765.97
909.48
1188.63
1478.32
1471.52
1382.66
1775.65
463.62
1309.84
840.30
1596.27
1668.39
1784.56
1661.77
1500.91
1915.46
1470.13
1964.51
1214.77
1603.62
887.32
1467.42
1356.55
815.34
1600.17
1651.21
1612.64
1728.85
1524.96
1654.21
1478.00
1147.15
1380.97
1237.21
810.78
1769.95
1652.76
1538.19
1389.22
2129.00
1872.40
1779.36
475.42
1133.84
1221.55
2016.67
1556.18
1081.86
1513.87
1032.28
1916.01
1694.63
2172.31
1612.60
1475.69
991.05
2064.04
1704.90
502.08
1374.17
920.55
1367.10
1596.50
1526.98
1527.92
1717.11
1463.15
1926.08
1472.22
1157.52
619.46
1657.15
785.23
1543.66
1553.21
1088.33
637.91
859.96
1397.52
1173.35
1645.51
1099.28
1799.67
1699.44
725.87
1555.05
1492.04
1412.05
1317.90
1302.95
1774.78
1525.93
1917.55
2156.71
1905.29
1629.62
1442.19
1071.79
1465.55
1482.86
1742.48
1768.91
606.64
1817.19
1893.23
1838.70
1715.69
1329.94
1367.00
1146.38
1283.68
1730.39
760.75
273.55
971.24
577.55
1338.01
1090.23
984.09
699.30
841.27
1629.17
1449.20
650.03
1255.82
1827.38
912.28
1782.70
1853.47
1525.49
1684.91
458.67
1485.87
1479.41
975.44
1261.09
1431.69
1203.43
1989.08
524.88
1530.09
763.65
2112.18
1246.96
1953.41
1245.03
1438.21
1240.17
1598.13
689.29
1411.20
482.40
1374.94
1702.30
1867.64
549.31
1776.12
727.45
1043.97
1018.71
1143.99
1689.57
1440.31
1535.57
1566.41
888.65
705.16
1175.67
1945.77
1831.45
1264.37
2031.17
1869.24
1663.34
969.70
1570.86
1469.49
779.77
1619.30
1164.88
1640.37
1320.38
1489.69
1654.25
1530.15
1450.87
1681.73
1723.15
1624.91
1503.96
1229.23
1564.79
1790.37
1082.00
1687.88
1216.61
874.40
1682.47
1610.70
1978.23
1023.75
1177.19
1305.84
1105.69
1837.87
1224.36
1980.87
575.83
1358.30
1468.77
1314.51
1527.87
1774.08
1891.50
1535.00
1210.21
1278.78
1741.46
2000.04
439.40
1942.86
778.00
1084.51
1787.04
1088.83
1485.01
570.99
1904.83
1554.52
1973.78
1953.89
1348.33
1685.63
1529.84
1976.85
1685.81
1510.89
869.94
816.72
1631.09
856.49
1703.22
1406.13
1375.01
2201.50
1605.57
1652.85
1552.71
1105.06
1772.43
1758.48
1910.62
578.51
1115.78
1036.65
1472.66
1776.35
1717.61
1494.53
1887.50
1658.58
1508.62
1593.28
1784.58
1559.14
1867.27
978.86
1385.57
978.86
1729.11
705.72
1746.67
684.46
1322.56
803.91
1229.86
1245.24
1217.42
539.39
1429.36
1405.80
1629.26
1137.58
744.28
1138.57
1601.99
542.79
675.05
1630.40
1741.13
1283.33
1715.05
1684.56
1733.28
1609.38
1663.96
1646.62
1333.77
1785.15
1596.09
1264.26
692.54
1206.03
1108.18
1548.45
526.68
1564.59
1921.76
1720.40
1420.48
1478.95
926.30
1740.44
2136.67
1424.09
1183.29
1799.65
1186.18
1389.32
1458.21
1639.92
962.52
1171.55
1911.58
1708.65
1878.70
1447.40
1625.29
1785.51
1604.16
1973.78
1768.38
1594.78
1744.84
1360.94
1836.16
1375.69
1584.01
1295.75
1497.02
1474.70
1448.08
793.33
658.58
1729.77
1629.83
1216.87
1119.61
1123.04
1525.97
1285.45
592.12
734.87
1561.82
1723.57
1510.69
1502.81
1914.51
1932.37
2066.36
1214.17
1575.34
1017.90
1394.97
1009.07
1789.34
609.10
1611.65
1155.06
1677.54
938.98
1393.29
1596.53
995.80
1520.16
1781.92
561.17
1468.48
1237.62
1447.89
1375.49
1542.04
813.22
1435.80
1586.33
220.82
778.02
1894.53
1552.16
836.51
1194.64
1817.04
685.15
755.18
1923.16
1727.54
1686.23
1884.09
1932.27
1278.22
1627.76
1275.66
1790.60
1638.60
1599.21
1638.78
1930.32
616.09
1764.73
1435.44
1570.41
1534.05
821.09
1259.43
1602.42
1527.89
795.72
1468.41
1889.96
1486.74
910.76
1526.85
1396.95
1628.40
1919.53
1928.52
638.04
238.38
832.89
1689.73
1784.56
928.35
1629.58
1560.44
1800.25
1709.10
1753.96
621.86
1806.99
1878.71
1552.47
1739.42
1983.23
1446.89
1897.73
1455.09
1246.38
1468.53
923.78
1726.65
1564.59
1768.94
1242.07
1572.57
306.94
1925.47
1471.72
1409.31
504.94
844.45
1811.24
1540.72
1744.98
1115.31
1788.56
1419.83
843.61
1927.60
1296.83
906.93
744.28
1275.80
1935.02
1901.67
1423.94
643.10
1189.09
1102.66
911.55
1696.17
1246.10
1357.93
1350.15
1496.64
1446.98
1814.79
867.97
1443.07
1848.66
1683.43
419.14
1975.65
1488.44
2161.70
1806.83
840.35
1127.16
596.52
1687.48
1678.19
744.43
1135.13
1712.01
639.51
1101.76
843.69
1635.28
1536.59
2167.13
944.29
1194.14
1222.32
1621.69
1934.88
697.67
1918.18
1369.28
1491.05
706.33
1648.69
1536.27
1922.93
1785.42
734.67
1622.19
1162.75
1853.47
1406.44
1598.97
1707.28
712.75
1134.18
1134.41
915.50
1498.19
1517.31
1871.16
1467.89
1452.21
1480.80
1247.21
1392.77
1544.56
1949.92
975.68
1839.78
1589.99
1668.95
1478.43
1139.95
1479.63
1970.29
1704.45
816.09
1587.15
1486.05
1986.03
1646.82
1667.60
1790.59
1408.99
1516.60
1643.45
1781.18
1131.49
1544.43
813.57
1733.83
1847.11
492.10
1623.48
1878.24
1875.54
1443.92
1411.20
772.48
1226.10
1812.98
1172.30
1768.01
1237.21
760.67
1453.06
1547.61
1445.63
1789.14
1172.12
442.38
923.63
1765.83
1983.59
1672.62
1674.78
1985.23
1291.40
1557.38
1747.64
1651.07
1379.68
1475.29
1429.02
1651.28
1170.40
1622.48
1540.13
1138.01
977.47
677.44
1858.47
1241.53
1472.88
866.94
1165.90
1466.97
1621.78
1186.85
1347.45
1737.70
796.19
1864.33
1052.45
770.14
1696.70
1115.29
1715.29
1897.52
1039.49
1796.40
1719.60
1929.32
729.01
453.91
911.77
1582.42
1796.22
612.01
1818.76
1842.66
1249.88
1625.21
863.71
695.12
1667.72
741.48
160.01
1276.85
1862.78
1740.19
1604.45
1931.79
1688.28
2003.61
1653.03
1411.85
1228.58
1707.28
854.74
1443.54
1473.39
1771.93
1227.23
1658.05
1214.76
1628.00
1559.38
1422.56
1466.85
1262.13
1858.24
969.33
1768.82
2126.01
759.22
1862.15
190.93
1940.72
1290.51
1687.39
1748.29
1082.25
1801.77
1935.46
1581.67
1601.09
608.18
1520.69
1669.49
1550.36
1447.84
1736.04
1156.17
1842.27
1572.07
1245.29
210.40
1869.70
511.27
310.00
1213.41
917.75
1796.84
1773.81
1468.88
1808.67
1619.45
1484.44
1521.52
1164.24
816.19
1686.67
1185.70
1570.16
1461.09
1456.02
1738.88
1645.17
1530.06
655.72
618.02
1476.22
1817.60
893.02
668.07
1250.73
1160.59
1321.92
1048.98
1665.39
1533.49
1865.38
770.41
1838.96
785.45
1964.40
1907.63
1480.03
1248.01
1489.52
827.19
1836.02
1268.37
787.97
1624.32
1013.17
867.18
617.42
990.45
551.15
1891.84
1865.23
1667.72
1267.71
1151.99
566.28
1506.52
1720.28
1111.80
462.65
1604.28
1618.80
534.95
1391.75
794.01
877.47
1220.73
1987.03
853.84
396.60
1246.24
1849.04
1540.71
1857.88
1881.75
1378.93
1635.20
1921.19
1258.04
865.15
1058.25
1683.68
1292.49
1590.25
971.01
1536.44
2159.18
1662.66
1169.86
1888.89
1988.02
1400.65
1691.00
1493.33
945.29
1873.22
1385.37
1269.47
1512.90
1754.48
1511.83
559.47
1502.78
776.33
1018.84
199.53
1670.68
1864.76
1758.56
1178.27
1338.62
1726.53
1903.28
1649.63
1257.38
1486.18
668.57
1835.66
1880.95
1071.89
1797.72
1243.54
1735.07
1906.03
1637.00
657.50
902.94
1497.19
1846.76
1548.72
1213.55
630.29
1382.95
1069.75
1794.85
1546.87
1836.44
1543.52
1079.99
1813.69
1456.38
1646.73
970.78
1581.72
1179.00
953.21
1509.34
1638.15
1523.58
1484.33
1865.45
1169.08
761.17
975.44
1755.23
1605.77
1682.71
1392.31
1280.91
1308.43
751.60
2033.52
1135.01
1938.59
915.01
1646.72
574.30
1497.69
1253.95
1060.93
338.96
1689.57
1724.66
670.01
1175.88
2061.75
1863.09
1192.40
1838.70
1497.04
1570.96
1742.44
1524.69
2160.99
1018.00
720.52
1961.67
1648.23
1547.00
1864.32
2182.63
1494.95
1689.26
1623.54
1413.94
1140.29
1202.33
1325.44
1651.22
1491.48
2032.44
1496.56
1580.37
1642.86
1659.42
1215.98
1863.64
1116.25
1413.94
1439.99
1649.18
2023.34
596.90
1058.22
1433.38
1899.49
1799.26
1073.10
1943.54
1652.51
1644.22
1751.84
924.80
879.85
1779.96
355.83
1858.52
1981.25
1858.72
1744.71
1403.07
1552.04
1491.19
1810.34
207.19
1643.35
1171.57
1202.45
1919.09
1256.76
1301.97
1442.58
1646.63
1659.30
1511.43
1595.01
1419.45
1813.77
866.70
1372.20
1190.75
1175.15
718.53
684.45
873.54
1532.86
619.25
1554.94
827.01
1563.29
1922.16
1913.29
1492.35
1895.40
1502.28
1375.78
1650.49
1876.20
1128.62
511.65
1187.52
1701.95
1625.26
1847.29
1891.78
694.52
494.38
1766.89
1179.11
1789.34
963.68
1848.04
1166.51
1625.15
1182.67
1189.34
1363.30
1424.10
1856.44
1305.55
1937.13
1522.77
1398.64
1692.12
1682.80
1886.23
1746.42
1579.49
1419.00
2114.49
1108.60
766.40
1603.57
1339.60
1616.73
877.13
1314.32
1301.13
1641.27
1632.87
1964.51
1219.76
1479.15
1580.37
524.59
1649.31
1587.77
1830.97
1839.43
634.30
572.56
1640.30
1839.76
1224.72
1888.94
783.82
1161.32
1433.04
744.43
2170.35
1445.52
1102.37
1842.63
1048.56
1488.45
1048.46
832.74
1469.03
1572.76
1785.22
1494.53
1687.02
1593.90
1211.43
1845.76
1614.90
1517.59
1919.95
313.14
1752.97
1324.72
1669.08
632.89
762.50
1955.13
1851.40
1263.55
909.65
1565.28
1913.05
1694.98
1288.65
1679.81
1643.68
1254.94
1764.89
1627.25
1441.27
1144.65
1311.35
876.47
1777.72
2009.16
1594.48
1901.94
2172.90
1812.47
1538.93
1702.43
769.25
888.49
1508.83
806.92
1542.09
1469.32
1906.88
1168.34
1702.70
1616.78
1622.30
1741.67
1529.05
1789.58
421.31
1018.04
679.99
1430.50
770.31
1867.66
708.12
2156.44
1621.20
1273.67
1110.09
470.87
937.46
1609.47
1485.39
1684.37
1044.18
859.67
1376.77
1343.19
1634.39
966.42
878.94
1652.46
1510.17
1884.51
905.37
1384.30
445.13
834.54
1703.07
1500.33
1782.52
1581.56
1572.45
1519.28
1778.00
865.51
1166.51
1883.98
1479.97
1550.62
912.68
1486.90
1772.84
306.21
1842.58
1845.76
1148.52
1491.19
1048.44
1778.78
1192.08
1493.26
1492.47
1559.07
669.19
1714.20
1615.22
1627.28
996.74
1123.57
1931.20
680.53
1773.83
1919.14
850.31
1481.11
1922.98
1566.49
783.59
1790.60
1154.96
1194.73
1419.46
1819.29
986.51
1344.87
1991.70
1577.98
1208.01
1662.86
1639.89
1378.44
1155.06
1596.29
1150.82
813.22
1277.53
1487.25
390.13
1640.04
471.11
1529.84
1243.58
1739.36
1700.17
1866.59
1464.71
1544.35
423.99
851.23
1471.79
1847.73
1156.25
1650.08
1913.29
611.48
1470.82
1508.10
1151.11
1584.78
457.09
2223.70
1455.67
1048.81
772.48
646.12
1837.67
1431.18
1456.96
1937.01
1798.83
1316.90
1599.01
1512.49
1062.39
1899.22
1635.20
1598.00
1686.63
1493.66
1957.64
1508.62
1729.08
952.96
935.12
1746.42
1789.42
1414.65
984.80
1962.67
1449.42
1618.33
1651.58
1651.92
1489.34
1179.18
1576.30
1274.41
1892.16
1219.63
1757.07
1693.11
1593.55
2097.28
1396.18
1446.40
1655.11
1606.89
1434.33
845.47
1033.89
1678.75
1437.08
1825.07
1627.79
1263.60
919.74
1195.93
1142.42
1873.60
1544.44
1258.02
1809.54
1414.65
1695.87
2078.87
1920.40
1604.32
1655.94
1638.06
1202.45
508.86
1656.86
2040.42
1824.43
1727.63
2227.15
1707.58
1845.00
1247.84
1109.32
1307.10
1748.58
1602.53
1655.59
1218.33
1658.18
1736.74
801.48
1853.79
1467.84
1975.03
2171.84
1223.42
833.71
1637.33
1802.87
1825.72
1685.81
1004.44
1955.77
1820.31
1857.88
1392.98
1630.03
1897.85
378.78
656.99
1411.06
834.90
1420.29
1266.34
1787.98
1110.80
1168.00
1113.99
1233.24
1702.06
1659.31
1373.97
1144.68
1735.53
677.30
1525.77
949.21
1991.03
1515.93
1491.38
1281.43
1521.44
1779.21
1367.35
1159.43
489.45
823.12
1595.65
851.67
1464.71
1554.34
1607.97
2160.80
1902.13
1757.48
1650.34
1707.70
1457.00
1875.95
1459.98
1618.13
1837.65
1912.80
1456.01
1752.63
1556.90
1523.08
1795.61
989.54
1263.58
2012.70
2105.18
1520.52
940.96
1675.31
1973.24
1525.46
1661.89
752.85
1959.56
829.03
1717.79
727.93
1225.14
1634.03
697.04
1520.20
652.46
1865.72
1745.85
1717.11
1188.67
1143.39
1389.38
1883.63
1849.47
1515.93
1691.88
1417.37
937.97
1762.55
1218.48
1590.31
1225.00
1512.90
1840.96
1926.55
1926.48
1505.10
858.16
1860.74
1224.92
1640.46
1406.86
1700.44
1238.31
1048.46
1212.62
1662.77
1464.60
1545.78
1075.86
1672.80
1596.36
1809.60
1989.57
1711.71
438.08
1350.12
1119.61
1404.27
2186.42
806.86
1640.89
1890.01
1128.62
1284.48
1854.23
1767.23
1604.99
1666.12
623.00
809.37
1175.67
1566.78
1585.46
1644.03
1624.28
1611.76
1421.76
1550.62
763.42
1628.66
1777.02
1909.01
1891.03
1798.75
1542.32
936.53
931.00
1718.48
863.99
1471.63
1498.17
1556.88
874.55
1636.43
1971.56
901.88
805.27
977.47
937.50
1738.59
1280.90
1765.18
1819.72
1542.61
1026.64
1467.07
946.15
1390.74
1628.41
1123.63
1630.86
1545.01
1065.75
875.61
1515.94
1072.55
1716.91
1308.89
1240.56
1720.28
1434.51
789.77
1215.12
1515.17
926.23
664.10
621.83
532.55
1425.68
1809.16
674.56
1604.32
1606.86
1681.40
1534.03
1718.74
1910.06
867.32
1455.07
2156.99
1612.06
1788.75
1321.13
1280.01
1688.52
1407.33
1294.24
1175.37
1592.26
1681.98
1485.66
1145.23
1666.95
752.66
1055.95
964.57
1611.10
1091.16
1418.92
813.83
960.55
1412.88
1068.50
866.47
464.30
1629.22
901.58
804.55
1880.42
768.68
1987.53
1358.44
1606.73
1832.45
1486.08
828.42
1788.82
1806.03
1789.34
695.69
986.17
994.59
1608.78
574.76
1493.33
1602.46
1508.29
1928.65
1128.68
1086.67
1677.95
1545.27
1955.13
1964.28
1521.66
1694.32
1753.54
726.53
1569.14
963.26
1762.10
1008.05
315.61
811.08
1268.56
1793.76
1878.93
968.33
1495.18
1327.27
842.56
1401.94
1666.13
1572.25
1606.32
1888.33
750.80
1602.76
798.96
1806.09
1158.16
1215.14
960.49
1945.69
1415.46
1272.46
1929.03
1701.21
1236.78
1893.32
1630.48
1518.94
1986.53
1772.75
1135.93
1555.96
1349.12
1644.50
1242.10
1725.95
1205.18
1590.92
1678.63
1876.18
1809.21
2176.74
2117.13
767.46
1519.82
1682.25
1545.03
706.27
806.85
1141.88
2051.40
1396.95
1374.94
1759.29
869.94
1620.41
1545.17
1764.65
508.86
873.75
1692.21
1770.50
915.76
1146.01
1967.00
1755.23
1713.53
1696.73
1383.50
527.39
1907.87
1484.74
1232.04
2219.13
1438.23
874.38
1258.58
1589.76
1746.31
1890.89
1778.92
874.81
1658.57
1266.82
1627.47
1909.08
1453.85
1758.64
1328.70
1768.58
795.46
806.30
1114.48
1414.65
1791.90
1122.39
1872.86
1268.37
1485.61
1488.57
1436.02
457.35
1235.80
1971.56
1852.06
1230.29
851.00
1084.25
1487.21
2151.26
846.05
1752.08
1421.08
2143.08
1436.97
1968.67
709.72
1601.09
1400.03
1106.27
1502.56
1174.77
1075.12
1596.51
1216.17
837.35
1573.44
1532.14
1681.27
1470.95
1545.23
1427.05
2194.02
1537.06
1490.40
1162.11
1235.78
1904.27
1586.05
1547.58
764.20
1469.41
1780.95
1643.19
1776.61
2068.17
834.78
1496.49
1783.24
1646.32
951.34
1894.56
656.58
1548.59
1613.59
1507.41
1218.98
766.77
1230.79
1740.06
1062.87
1586.69
756.08
1526.88
1762.76
1276.50
919.43
1589.67
1639.51
1771.22
458.55
1293.30
1100.40
1799.62
1852.60
541.05
1356.55
1365.03
1700.84
1909.01
1375.80
1844.67
1870.75
1068.46
1569.91
1958.63
1556.70
1574.43
1515.24
1041.04
1897.28
1444.60
1280.78
1451.06
1803.25
1395.37
744.71
1375.50
1899.01
826.35
1515.24
1621.86
1333.92
1530.50
884.18
779.72
1709.21
1657.98
1167.89
1187.22
1897.35
597.40
1898.74
632.29
1611.74
792.64
1280.46
1432.79
846.65
792.23
1456.02
770.05
1838.52
1364.64
1293.47
1924.00
1321.13
1489.09
1531.65
1289.72
1387.37
1317.70
1383.43
1644.03
936.54
747.87
907.16
524.59
2106.20
1735.52
1311.24
1167.89
482.04
1184.21
1436.06
1508.61
1300.08
2192.78
1257.50
1367.36
1539.34
1773.00
1756.46
1463.96
1688.95
1441.49
1757.85
1908.71
1478.45
1615.73
1591.97
676.62
1745.74
1240.85
1120.38
1846.89
1933.23
1836.11
1175.76
1627.21
864.97
874.19
1863.43
1215.09
1674.94
466.70
1428.03
1831.93
826.80
1602.99
1734.02
1916.87
206.59
1315.34
2098.32
1970.29
744.19
1378.21
1608.61
1850.50
1726.78
1909.98
1422.18
1504.10
755.90
1547.71
1188.85
738.85
1472.01
162.83
1849.07
709.72
691.15
1555.03
1312.24
2174.83
1249.11
1933.51
1997.61
877.50
1955.08
1649.46
1986.04
689.15
751.11
1634.60
1611.54
1620.04
612.80
1684.20
2168.29
1120.37
1144.53
739.55
1741.09
1812.39
1672.71
2062.84
1610.56
1533.95
628.96
1116.87
1762.76
1967.44
1823.50
1837.87
792.14
1636.58
1447.41
1919.83
1321.05
1333.15
1629.20
1529.35
785.67
1844.49
1323.67
1537.23
1858.47
1384.93
1296.70
1505.07
1971.26
830.13
881.29
1989.08
1766.84
607.04
1619.33
1578.51
1566.78
1862.05
1812.36
1413.35
944.69
1752.16
1522.56
653.06
784.92
1469.06
967.52
1437.24
1362.00
1551.72
1905.72
1657.65
940.57
1663.96
1636.09
1170.36
1358.48
1856.08
1736.26
1657.34
1790.87
1523.89
1953.89
1658.12
1872.90
1868.23
1290.48
1367.91
1606.17
1246.17
1688.98
1727.26
1870.32
1497.79
1725.63
1965.23
596.17
1367.34
697.27
1746.67
1589.79
1641.86
1398.93
703.60
1381.86
1337.14
1427.10
1258.47
1797.94
1898.37
1316.69
1950.68
728.25
1580.37
972.39
1556.57
1211.11
1114.86
1647.71
1555.72
1166.52
606.93
1459.22
1429.02
1508.20
1809.88
1712.62
1569.34
1751.53
1765.94
1509.32
1528.45
1427.09
1233.46
1520.39
1942.85
1061.89
982.28
1897.44
696.55
1803.96
1559.38
1563.16
1415.92
1750.60
1376.23
1856.38
1797.97
1036.14
1790.13
1145.73
712.48
1411.72
792.45
1791.30
1864.38
1551.78
1484.08
1682.63
309.80
1653.29
1241.72
1287.04
1713.12
1102.67
739.71
1752.63
870.69
1351.93
1740.31
834.54
1497.79
695.34
712.84
1424.10
1683.18
1168.63
647.44
1577.98
934.58
1903.87
1661.28
1608.95
1656.45
1466.98
1413.09
709.12
1709.31
1860.87
772.12
767.66
934.65
1686.66
1815.00
1118.33
1942.38
1306.01
1166.68
1923.97
1408.35
1953.89
834.86
1412.90
1531.97
883.76
1849.01
1311.35
1128.20
1762.10
1304.64
952.52
1779.16
1962.66
1570.03
1513.70
1268.35
1106.58
1386.38
1621.01
1295.76
1970.29
1645.70
1384.82
1229.96
853.68
1789.69
1512.11
1330.47
1462.22
1883.87
2183.41
769.87
1774.08
1723.12
795.82
308.68
1523.71
1384.65
1314.83
1072.80
774.26
1558.49
1709.17
1477.42
1721.23
1600.47
1480.18
1021.15
1653.63
1005.14
1097.08
1539.65
1188.79
1071.75
697.84
978.32
1794.21
2061.33
1741.13
1875.88
1218.98
1653.25
1681.53
1287.06
1292.19
1960.51
1224.52
1642.98
1657.98
1997.72
1558.34
1398.23
1483.60
1956.41
1004.39
918.78
1451.99
1544.19
970.58
1071.92
1211.98
1242.32
1817.95
1450.21
1389.38
1805.29
1647.87
1625.21
318.21
349.27
1946.73
1718.58
1043.70
1830.23
885.55
990.96
688.37
1637.77
1229.46
2056.21
854.36
1610.88
1431.80
712.16
1890.71
1172.05
653.47
1328.34
1750.76
1628.21
1262.79
1909.65
1435.21
644.79
1809.68
2062.93
1423.55
2097.11
1230.31
2178.28
1246.47
1777.16
957.63
1451.82
812.13
1137.00
1611.76
1472.17
1392.27
1546.98
747.62
766.35
1516.23
1191.67
1928.01
1902.68
1604.78
746.17
1359.16
1136.25
859.41
1640.35
833.69
1458.35
1333.93
1412.88
1472.85
1717.87
952.88
1105.25
1807.07
1374.41
1906.38
888.33
832.55
1806.75
978.32
1287.75
1699.63
1560.79
1313.13
197.69
1816.58
1287.14
1969.33
1389.79
1559.06
1279.37
1937.15
1761.17
1691.94
1605.67
1753.51
758.11
1876.28
1543.73
1528.40
1767.36
1782.56
1465.68
1399.90
1839.08
1762.41
1209.58
1748.58
1369.55
863.64
833.10
1607.25
1940.76
1137.17
369.44
1686.24
794.57
1540.72
1281.99
1133.55
1568.04
1500.63
1587.82
924.86
1749.36
1291.00
1099.28
1140.02
1472.40
1544.75
1539.14
401.64
1348.37
884.33
1804.08
1229.52
1691.36
1163.20
2171.75
1868.45
1268.46
1890.71
1226.30
830.66
1519.28
1175.33
1520.48
1537.64
1383.82
681.97
1646.97
1432.37
1036.41
2060.24
1287.16
1847.88
1098.14
1447.19
1210.78
1899.99
1542.82
1868.02
1626.71
1733.59
993.70
838.19
1641.49
798.96
1411.16
1081.09
1234.38
1191.57
2008.61
1763.96
1573.38
1187.48
904.57
1627.35
2155.73
1786.98
716.96
1234.75
1073.37
1594.60
1497.65
1621.63
1637.96
1461.99
192.03
1538.56
1731.50
1433.64
1644.03
1008.74
1927.60
1896.60
1111.18
575.24
2171.04
1194.35
1745.70
1724.90
1415.60
1997.72
1215.35
1709.88
1806.09
501.39
1274.44
200.66
1815.72
811.08
868.95
1833.49
1964.55
803.18
1448.48
1542.28
1971.36
1808.52
310.23
1587.74
1080.37
1890.92
1411.73
1930.50
2038.32
2027.94
1452.83
1704.90
1207.22
1462.31
715.03
1669.42
1522.56
936.81
1152.75
1751.31
1393.47
1785.23
307.42
1741.85
1710.47
1002.41
1068.11
762.58
1533.98
1237.25
1198.72
1185.51
1102.75
1548.10
1531.24
1100.35
1337.82
1583.66
1428.48
1540.49
1414.92
1777.52
1816.04
1125.08
1251.82
1060.93
1590.58
841.86
682.56
1276.83
855.56
1919.03
1404.70
875.36
1861.08
1121.68
1923.64
1374.19
1245.40
1394.45
775.83
1313.82
1293.80
1397.93
1849.96
848.47
1343.19
1450.58
1771.61
650.26
1501.26
1376.77
922.21
1932.45
1837.00
1165.01
1377.43
477.19
1695.50
1650.49
1396.55
1370.71
773.69
2013.60
1195.66
1954.05
1201.67
852.07
1969.17
1375.50
1525.46
1252.73
1566.73
1527.35
1292.16
1241.99
862.64
1332.20
1296.81
1226.75
1436.32
790.09
1437.72
1143.59
1310.14
1424.47
1661.28
1996.53
646.04
1269.81
1968.54
1012.81
1625.52
1125.39
1653.50
1314.26
1218.47
1572.76
1613.29
1740.26
830.49
1231.69
2060.54
1762.49
1818.12
1322.52
1951.20
1768.74
2052.71
1591.83
1584.23
1579.87
1921.32
1469.49
1164.33
1463.39
1459.15
1343.07
684.35
1125.37
1853.27
1300.41
1597.12
1931.62
898.83
1575.76
873.74
1550.58
1859.13
342.67
1466.67
1384.46
1584.82
1596.35
1147.53
1382.52
739.00
550.93
1311.03
1720.68
2010.73
1864.04
1773.10
1446.48
1725.95
1711.99
1906.14
878.26
1742.17
616.97
907.39
1019.86
1465.02
990.17
1603.97
1209.35
1591.97
1627.48
1788.88
1461.04
1471.11
1705.45
1311.75
1634.15
1952.65
1614.17
1068.06
1252.02
1769.70
1363.18
1397.73
904.10
886.33
1548.30
1791.57
953.57
777.18
1151.27
1705.10
1409.88
1360.94
964.67
1796.29
1549.27
1609.88
1663.24
1419.59
1343.66
709.29
1373.60
804.75
889.66
1797.37
1041.80
1291.59
1989.57
912.78
1393.99
1061.59
875.46
1133.22
1306.19
1542.72
1498.88
844.42
1529.25
1797.03
1457.35
1353.82
1675.58
1591.97
1994.29
1231.76
1002.54
1423.07
1692.24
1303.74
1264.12
1613.56
1129.83
502.73
1651.29
1607.90
800.46
1218.39
1208.57
873.14
1631.79
609.31
1313.88
1128.51
1611.20
1641.03
1667.72
1812.60
1516.49
1496.62
1727.08
1791.90
1676.39
1937.32
1852.40
1614.60
1712.43
1201.23
1463.42
1274.41
1224.48
1753.35
1389.38
1269.56
1756.86
716.57
1827.26
1273.23
1027.05
1031.78
1953.89
1561.40
1491.19
1659.25
1429.91
1560.05
886.96
1422.68
950.20
1513.43
1687.02
1043.56
1455.12
1486.76
1023.40
1276.42
858.84
1523.75
1819.43
844.66
1294.84
743.54
1583.99
437.41
1073.23
842.45
1443.96
1538.72
2025.64
2087.22
1371.99
913.08
806.87
914.56
1912.87
1627.49
1393.05
1458.59
1553.41
1250.34
1921.59
1647.11
1076.49
2130.41
2132.30
2035.05
1643.52
1569.67
841.07
1581.17
1204.52
1510.05
1528.97
962.52
553.85
1957.94
1381.74
800.25
1524.15
1634.60
1277.57
1619.10
1956.28
974.75
791.82
1329.73
1761.11
704.69
695.34
566.49
1849.30
1667.28
1466.41
1810.65
1298.62
1927.93
1603.67
1425.03
1591.74
1970.15
1598.15
1239.65
1595.76
891.68
721.80
1557.46
1609.06
1688.87
1602.13
902.17
1804.55
1792.23
1799.03
1989.13
1631.86
1712.91
1452.97
2177.71
1751.51
1218.43
818.69
763.80
1762.13
1134.83
1613.63
1696.17
1483.46
1245.03
1435.80
1367.44
1494.49
814.50
1409.39
1835.94
776.52
1640.65
1032.70
1655.01
1508.63
1175.21
783.85
1519.71
1528.68
1493.29
1491.39
1226.89
1711.15
1241.81
1459.30
1412.12
1840.27
958.87
1772.54
1783.54
1556.29
579.04
603.50
1859.87
1129.64
851.75
1584.81
1017.32
1632.33
902.81
1530.88
1821.89
1802.40
1550.28
1877.74
1880.93
1309.10
1443.34
1490.73
1601.75
1204.30
1145.11
1525.41
1375.94
1281.79
1554.24
1666.92
1344.80
1538.88
1727.62
646.37
760.07
1717.86
1478.08
1383.99
1741.13
1618.85
1204.52
1071.81
1656.14
1386.08
1024.10
1809.81
1480.96
1837.51
1596.27
1875.90
1203.26
1480.62
1691.27
1755.66
2165.59
1057.73
664.10
1281.57
1439.49
918.41
684.12
1778.47
1169.86
1796.05
1302.29
1767.05
1813.89
1722.33
922.37
1489.78
1693.94
1205.55
738.94
626.13
1204.52
1875.04
1686.62
724.23
1316.32
1526.82
1703.34
1559.48
1991.98
2023.54
1862.87
1497.08
1982.63
960.67
1145.11
486.30
1686.62
1518.90
1315.15
1525.41
1633.35
2145.44
1809.62
1753.96
1506.64
1414.98
1495.34
1623.48
1973.64
1970.29
1439.08
832.94
1658.19
1458.76
1264.31
1411.04
1421.55
1859.93
1187.20
1094.90
1252.22
490.81
1554.67
1576.84
1618.16
1456.97
1207.57
1189.78
1317.48
1120.43
506.32
1591.97
835.48
1602.58
1032.00
1942.79
865.59
1899.05
1815.40
1690.59
1618.59
1913.83
1336.33
1841.45
459.54
1363.31
2157.57
1047.21
1282.28
1456.48
1544.26
516.92
1454.29
1497.93
1297.25
1860.25
1830.79
299.56
1514.33
475.07
1625.88
1444.97
1601.99
1473.20
1754.74
1933.57
554.37
192.78
1393.60
1205.18
1189.31
1388.03
858.22
1781.87
854.75
1796.15
1529.25
764.99
776.50
1215.60
1662.12
1786.54
792.55
1627.71
1577.27
1095.19
601.26
714.67
1543.59
1194.46
1141.56
1421.97
885.02
1598.89
668.13
1196.22
1719.83
1635.01
1956.38
1692.59
1469.64
868.33
1760.01
765.40
1585.66
1189.49
1620.26
1314.93
1344.36
1515.22
1546.08
1546.87
1473.09
1906.03
1777.50
1884.46
841.96
1800.21
1290.00
1501.50
1953.89
1695.13
1688.95
737.21
1297.14
1212.24
1902.11
1492.90
1927.60
1745.33
800.03
1616.31
1665.82
1827.76
1127.71
1030.99
833.86
1471.24
2171.98
1108.48
1796.65
1556.57
1235.66
699.56
1688.95
856.53
1469.52
573.76
1123.99
1171.66
1327.49
1870.93
2052.41
828.81
1672.85
894.24
652.50
1210.19
1206.53
724.80
1526.49
1754.36
1219.24
1506.89
1216.01
1311.20
1527.43
1527.23
1197.70
1236.13
1380.31
470.26
597.18
1589.99
1253.66
1149.31
1061.81
1342.79
1214.66
861.97
1823.40
800.00
967.52
1470.59
1640.08
1609.01
1173.05
1582.62
1600.76
1648.39
1488.82
1900.43
1455.52
1618.80
1786.35
1073.27
1755.70
1531.51
1825.18
1407.99
1344.25
1697.14
1405.48
1838.57
1959.73
1928.71
1909.27
1605.12
1027.18
1596.16
709.82
1239.70
1427.37
1125.08
1648.59
1958.65
1901.66
1920.13
1393.03
994.81
1405.97
1675.37
1721.07
1788.39
582.16
1469.05
498.61
1349.12
1962.37
1546.47
1583.53
962.54
798.93
1669.53
1417.98
1192.04
1507.20
1340.14
1932.83
1642.17
683.42
1216.17
1746.14
1280.27
1293.51
1513.81
1579.92
1201.08
754.42
308.19
1803.25
919.08
1743.36
1821.94
1593.05
1543.64
2001.78
868.32
1303.56
1515.22
1328.96
1277.52
747.87
1874.21
1642.61
1478.27
428.34
1097.88
1532.06
1573.18
1004.77
1971.43
876.09
816.10
1427.21
1264.66
1837.10
1375.93
1148.79
1943.50
2116.21
1886.99
1393.29
1105.10
611.26
1664.37
1425.13
1696.45
370.06
1762.41
1775.68
1691.00
1631.88
1756.94
973.07
691.59
1726.02
1683.77
1629.95
1425.04
1234.64
1448.11
1073.80
860.91
1948.52
1080.90
1375.54
1456.13
1089.48
1131.73
1572.88
1930.81
1385.13
617.42
1464.16
1114.44
1626.06
1534.05
1239.51
1765.88
1479.13
1580.27
1971.56
1611.59
1001.45
1481.01
2171.41
1146.87
1600.64
1588.23
1134.23
396.17
1463.25
1110.80
1570.59
800.00
1387.38
1027.05
1258.68
1550.07
747.21
1437.60
1943.61
817.47
2171.28
1048.54
1197.92
916.29
1630.40
1858.24
1387.56
1526.75
1293.39
994.38
765.99
1822.56
1231.43
1859.72
1695.24
1693.45
1110.38
1503.70
1466.05
1871.35
1212.25
1368.03
1749.42
837.40
1863.63
1859.03
1890.08
1798.42
1785.84
1139.00
1707.59
303.74
1434.00
1104.17
1390.60
822.59
2111.29
1422.80
1405.53
910.09
1932.45
914.56
171.72
967.72
1002.81
1921.20
1968.08
1764.27
1641.15
1993.21
1229.86
1627.49
952.96
1224.36
1469.93
972.33
863.47
1737.44
1204.71
690.82
1424.09
1711.14
1394.92
1634.77
1912.98
1168.44
1940.76
1608.18
1522.27
1689.57
1378.82
1384.30
794.11
1127.41
521.92
1628.61
1648.39
1741.73
1504.91
1248.68
1280.30
1294.65
604.32
1886.32
1733.77
1502.18
1773.63
1595.86
1387.66
2096.30
830.89
1286.25
859.47
1732.86
1395.17
999.68
1198.95
1791.64
1818.52
1603.63
1405.11
823.97
2033.30
837.79
1428.49
1544.86
1291.48
1461.67
1326.61
1431.05
1182.17
990.69
2005.23
1576.24
794.26
1804.13
1366.21
1759.81
613.25
1831.39
1438.09
552.42
1131.41
512.95
315.73
1420.40
1292.59
1419.46
1651.48
1488.40
1310.73
1780.51
2153.75
632.47
1572.91
684.82
1630.47
1447.84
1185.85
1091.43
1686.21
1813.32
1488.35
1399.39
1025.10
1151.05
1779.19
1458.59
1407.55
1226.30
1746.13
455.05
1035.48
972.04
967.14
1763.30
770.49
1025.88
1900.19
1487.84
1244.44
358.08
1281.55
1136.66
895.82
1177.67
791.46
1621.78
1647.19
1903.04
1471.11
1728.44
853.46
1628.66
1841.58
1636.81
1548.27
2137.21
1217.72
505.35
1432.14
1295.30
2037.92
1822.11
1502.84
1024.59
1688.16
687.44
1480.19
827.19
1885.07
1496.67
1404.06
1607.24
1593.37
2075.31
1615.48
163.00
1579.32
1697.39
1229.50
1085.45
1452.75
1531.97
1381.29
938.51
1842.94
1645.31
1573.30
1986.90
1981.01
1598.52
1320.07
1624.01
1621.38
1470.75
338.42
1608.30
1798.75
1410.99
1188.91
1745.07
665.56
574.94
618.75
1834.65
1300.41
